 2001  126 1624 12.0 L  50.069   8.197 11.3  RLP  6 0.3 1.7LRLP                1
 2001  225 0250 49.9 L  50.381   7.413  8.3  RLP  4 0.2 2.2LRLP                1
 2001  915 1939 26.8 L  49.538   8.030 15.1  RLP  4 0.3 2.2LRLP                1
 2002  1 7 2040 27.7 L  49.766   7.735  7.3  RLP  3 0.1 1.8LRLP                1
 2002  123 0823 10.2 L  49.703   7.164  6.4  RLP  5 0.3                        1
 2002  123 2055 58.2 L  50.366   7.707  8.9  RLP  4 0.2 2.1LRLP                1
 2002  124 1806 26.5 L  49.820   7.547  5.4  RLP  6 0.2 2.4LRLP                1
 2002  211 0935 57.0 L  50.287   8.185  3.0  RLP  4 0.1                        1
 2002  217 1226 12.5 L  49.195   7.951 19.6  RLP  3 0.1                        1
 2002  222 0210  7.4 L  49.871   8.858  9.0  RLP  5 0.4 1.7LRLP                1
 2002  3 6 1150 43.3 L  50.563   8.251  2.4  RLP  4 0.1                        1
 2002  3 7 1157 10.9 L  50.330   7.475  2.1  RLP  5 0.3 2.0LRLP                1
 2002  614 1538 51.4 L  49.656   7.137  6.6  RLP  4 0.2                        1
 2002  7 2 0733 21.6 L  50.188   8.643 11.6  RLP  4 0.2                        1
 2002  7 8 0715 35.4 L  50.138   8.262  9.0  RLP  3 0.0                        1
 2002  8 5 0541 14.4 L  49.548   7.533 10.3  RLP  4 0.2 1.8LRLP                1
 2002 10 4 2145 41.0 L  50.294   7.356  6.9  RLP  4 0.3 2.2LRLP                1
 2002 1023 1115 37.3 L  50.382   7.355  8.0  RLP  4 0.1 2.1LRLP                1
 2002 1023 1115 36.9 L  50.385   7.350  6.6  RLP  5 0.3                        1
 2002 1031 1445  7.3 L  50.446   7.298  8.8  RLP  4 0.4                        1
 2002 11 7 1328  3.1 L  50.319   7.346 12.3  RLP  3 0.2 2.6LRLP                1
 2002 1129 0230 49.8 L  50.333   7.449  8.4  RLP  3 0.1 1.6LRLP                1
 2003  112 2258  2.6 L  50.306   7.460 11.8  RLP  4 0.3 2.3LRLP                1
 2003  2 9 1525 59.6 L  50.386   7.479  6.6  RLP  4 0.3 3.3LRLP                1
 2003  331 0313  0.4 L  50.223   7.805  5.3  RLP  4 0.1 1.4LRLP                1
 2003  423 0318 47.0 L  49.740   8.319  0.1  RLP  3 0.5                        1
 2003  424 0422  3.5 L  50.351   7.406  8.1  RLP  5 0.5 1.7LRLP                1
 2003  6 1 0308 59.6 L  49.903   8.310 14.0  RLP  6 0.3 1.9LRLP                1
 2003  7 3 0204 12.3 L  50.374   7.353 10.8  RLP  4 0.1 2.6LRLP                1
 2003  7 3 0206 48.4 L  50.435   7.297 10.6  RLP  5 0.2                        1
 2003  7 9 0016  6.6 L  50.402   7.362  8.6  RLP  4 0.3 2.0LRLP                1
 2003  712 2048 25.3 L  50.438   7.625  6.1  RLP  3 0.1 0.2LRLP                1
 2003  721 0331 51.1 L  50.446   7.654  9.0  RLP  4 0.3 1.5LRLP                1
 2003  726 0743 38.2 L  50.373   7.367 10.3  RLP  3 0.4 1.7LRLP                1
 2003  727 1549 43.0 L  50.379   7.331  9.7  RLP  4 0.3 1.7LRLP                1
 2003  727 1557 14.1 L  50.399   7.380  6.6  RLP  4 0.5 1.4LRLP                1
 2003  926 0752 10.0 L  49.941   7.874 15.5  RLP  5 0.2 1.7LRLP                1
 2003 10 9 0211 15.9 L  50.364   7.342 10.3  RLP  4 0.4 1.9LRLP                1
 2003 1019 2133 26.5 L  50.392   7.351 16.1  RLP  6 0.3 1.2LRLP                1
 2003 1023 2116 11.6 L  50.186   7.819 12.8  RLP  3 0.2 1.2LRLP                1
 2003 1026 0636 16.3 L  49.657   8.437 13.6  RLP  4 0.3 1.5LRLP                1
 2003 1130 1708 19.9 L  50.287   7.810  7.4  RLP  6 0.5 1.1LRLP                1
 2003 1214 0606  8.5 L  50.061   8.561  9.8  RLP  3 0.3 1.4LRLP                1
 2003 1228 2222  7.9 L  50.066   8.268  9.4  RLP  4 0.2                        1
 2004  3 1 1102 35.7 L  49.971   7.651 17.5  RLP  3 0.0                        1
 2004  3 1 1714 27.0 L  50.358   7.339 16.1  RLP  5 0.3 2.2LRLP                1
 2004  3 5 1447 56.3 L  50.183   8.590 17.9  RLP  4 0.2 2.5LRLP                1
 2004  315 0755  5.5 L  50.375   7.419 11.2  RLP  6 0.5 2.5LRLP                1
 2004  4 7 1031 53.7 L  50.663   8.124 11.6  RLP  3 0.3                        1
 2004  420 1347 52.3 L  49.791   7.329  7.7  RLP  4 0.1                        1
 2004  430 0247  2.4 L  49.849   8.449  5.1  RLP  7 0.2 1.6LRLP                1
 2004  5 4 1925 57.9 L  50.089   8.519 10.0  RLP  7 0.3 2.6LRLP                1
 2004  522 0519  4.3 L  50.413   7.415  2.9  RLP  6 0.3 3.8LRLP                1
 2004  531 2352  2.7 L  49.688   8.484  6.7  RLP  6 0.3 2.0LRLP                1
 2004  8 5 1247  3.9 L  50.181   7.501  8.3  RLP  4 0.1 2.4LRLP                1
 2004  812 1635 28.7 L  49.849   8.452  2.4  RLP  5 0.2 2.0LRLP                1
 2004  820 2335 18.4 L  49.846   8.453  5.7  RLP  5 0.1 2.5LRLP                1
 2004  9 5 1006  7.9 L  49.810   8.397 15.7  RLP  4 0.2 1.8LRLP                1
 2004  924 1206 12.5 L  49.752   7.366 12.1  RLP  4 0.2                        1
 2004 1122 2330 58.4 L  50.317   7.476  4.1  RLP  4 0.2 2.0LRLP                1
 2005  210 1532 24.4 L  49.361   8.402 12.1  RLP  5 0.3                        1
 2005  216 1457 19.3 L  49.960   7.479 13.1  RLP  6 0.3 1.8LRLP                1
 2005  4 7 1222  8.5 L  50.336   7.432 16.1  RLP  6 0.2 2.0LRLP                1
 2005  412 2149 29.5 L  50.381   7.412  2.2  RLP  6 0.3 1.7LRLP                1
 2005  7 7 0101  1.7 L  50.409   7.872 12.5  RLP  5 0.3 1.5LRLP                1
 2005  820 0708 53.3 L  50.076   8.253  5.8  RLP  4 0.5 1.9LRLP                1
 2005 1021 2051 53.6 L  50.201   7.698  7.9  RLP  5 0.3 2.1LRLP                1
 2005 1110 0543 12.4 L  49.997   7.542 18.3  RLP  4 0.3 2.6LRLP                1
 2005 1110 0616 41.2 L  50.002   7.544 18.8  RLP  4 0.2 2.0LRLP                1
 2005 1129 2011 34.0 L  50.329   7.463  8.1  RLP  4 0.3 2.0LRLP                1
 2006  3 7 2126 45.5 L  50.397   7.651  2.7  RLP  5 0.2 2.1LRLP                1
 2006  328 1502 10.6 L  50.386   7.597 16.3  RLP  4 0.5 2.3LRLP                1
 2006  615 1926 26.2 L  49.500   7.112 15.7  RLP  4 0.7                        1
 2006  615 1955 55.0 L  49.489   7.065 22.8  RLP  4 0.9                        1
 2006  617 0456 41.1 L  50.295   7.292 11.1  RLP  4 0.2 2.0LRLP                1
 2006  714 1230  1.1 L  49.619   6.794 10.0  RLP  4 0.3 2.5LRLP                1
 2006  9 1 1929 16.9 L  49.626   8.381 18.3  RLP  4 0.3                        1
 2006  922 1148 12.2 L  50.339   7.440  6.9  RLP  5 0.3 2.8LRLP                1
 2006 10 1 0000  6.9 L  50.528   7.118 16.5  RLP  3 0.1 2.0LRLP                1
 2006 10 1 0017  4.2 L  50.503   7.199  7.9  RLP  5 0.2 2.2LRLP                1
 2006 1118 0826  9.7 L  50.293   7.483  6.7  RLP  4 0.2 2.4LRLP                1
 2007  111 0324 40.1 L  50.178   7.710  6.7  RLP  5 0.2                        1
 2007  111 0324 40.6 L  50.169   7.695  8.1  RLP  4 0.2                        1
 2007  113 1757 54.3 L  50.048   7.388 10.9  RLP  4 0.1 1.2LRLP                1
 2007  114 2210 53.7 L  50.169   7.708  5.6  RLP 10 0.3 2.0LRLP                1
 2007  411 1701  3.1 L  50.313   7.500 11.1  RLP  5 0.4 2.7LRLP                1
 2007  420 1629 58.6 L  50.359   7.464  3.8  RLP  6 0.4 2.4LRLP                1
 2007  5 3 2258  4.1 L  50.368   7.426  5.8  RLP  4 0.2 2.1LRLP                1
 2007  615 2337 16.7 L  50.353   7.425  9.8  RLP  6 0.3 2.5LRLP                1
 2007  620 0126 32.4 L  50.146   7.885  8.1  RLP  4 0.2 1.6LRLP                1
 2007  620 0153 43.3 L  50.127   7.906 12.5  RLP  5 0.3 1.5LRLP                1
 2007  620 0535 51.0 L  50.401   7.819 11.4  RLP  4 0.3 1.6LRLP                1
 2007  7 2 0030 16.6 L  50.394   7.337  3.7  RLP  5 0.3 2.6LRLP                1
 2007  8 3 0258 10.3 L  50.369   7.383  5.8  RLP  4 0.2 3.7LRLP                1
 2007  8 3 0329 18.2 L  50.369   7.369  6.9  RLP  4 0.3 1.9LRLP                1
 2007  911 1357 25.7 L  49.736   7.330  6.5  RLP  4 0.5                        1
 2007  915 0430 40.1 L  50.309   7.379 10.8  RLP  4 0.2 1.6LRLP                1
 2007  920 0652 37.1 L  49.599   7.989 29.4  RLP  3 0.1                        1
 2007  928 0026 38.3 L  50.011   7.816  9.2  RLP  4 0.2 1.4LRLP                1
 2007 10 1 1125 52.1 L  50.031   7.464  9.1  RLP  5 0.2 1.5LRLP                1
 2007 1031 1109 12.6 L  50.218   8.028 14.7  RLP  5 0.3 1.3LRLP                1
 2007 1110 0854 39.8 L  49.725   6.903  4.4  RLP  3 0.0                        1
 2007 1116 1809 40.5 L  50.382   7.330 10.0  RLP  4 0.3 1.5LRLP                1
 2007 1117 1903 36.3 L  50.223   8.049 13.8  RLP  5 0.3 2.2LRLP                1
 2007 1120 0822 32.7 L  50.235   7.844  5.6  RLP  5 0.2 2.2LRLP                1
 2007 1213 1411 39.3 L  49.637   8.292 14.8  RLP  4 0.3                        1
 2008  1 4 0953 41.7 L  49.342   6.834  7.2  RLP  5 0.2                        1
 2008  229 2040 50.4 L  50.326   7.223  6.4  RLP  3 0.1 1.8LRLP                1
 2008  310 0013 26.8 L  50.324   7.456  6.2  RLP  5 0.3 2.1LRLP                1
 2008  411 1144 31.0 L  49.792   7.415 13.1  RLP  5 0.2                        1
 2008  416 2329  5.3 L  50.204   7.875  4.6  RLP  7 0.2 1.8LRLP                1
 2008  417 1635  8.8 L  50.001   7.433  0.1  RLP  4 0.2 0.9LRLP                1
 2008  610 1337 52.7 L  50.446   7.270  7.0  RLP  5 0.3                        1
 2008  724 1230 33.5 L  50.381   7.370  4.6  RLP  5 0.2 1.9LRLP                1
 2008  917 2009  6.8 L  50.351   7.371  5.8  RLP  6 0.3 1.6LRLP                1
 2008  929 1336 11.0 L  50.337   7.432 15.0  RLP  5 0.3 2.8LRLP                1
 2008 1013 0437 25.6 L  50.342   7.363 14.3  RLP  5 0.3 2.0LRLP                1
 2008 1029 1136 46.2 L  49.749   7.317  7.0  RLP  4 0.3                        1
 2009  311 0943 36.5 L  50.330   7.494 10.2  RLP  5 0.2 2.7LRLP                1
 2009  319 1131  2.1 L  50.639   7.931 11.1  RLP  3 0.1                        1
 2009  5 8 1923 19.0 L  49.147   8.116  2.8  RLP  4 0.3 1.8LRLP                1
 2009  5 8 2033 10.2 L  49.159   8.102  2.4  RLP  4 0.3 1.7LRLP                1
 2009  5 8 2228 33.0 L  49.150   8.116  0.5  RLP  4 0.2 1.7LRLP                1
 2009  6 1 1534 15.0 L  50.408   7.437  6.2  RLP  5 0.2 1.9LRLP                1
 2009  711 2155 18.0 L  50.064   8.298 13.1  RLP  6 0.3                        1
 2009  717 1329 42.1 L  49.622   7.960  4.3  RLP  5 0.4                        1
 2009  811 1854 42.3 L  49.901   7.381 11.9  RLP  4 0.3 1.7LRLP                1
 2009  815 1210 52.4 L  49.184   8.130  4.3  RLP  5 0.3                        1
 2009  831 0946  0.7 L  50.315   7.321  4.2  RLP  5 0.4 2.2LRLP                1
 2009  9 7 0222 10.8 L  49.755   6.882  0.1  RLP  4 0.2 1.1LRLP                1
 2009  910 1236 21.7 L  50.314   7.782 12.6  RLP  4 0.2 2.9LRLP                1
 2009  914 1838 17.8 L  49.186   8.116  4.9  RLP  5 0.3                        1
 2009 1110 1120 29.6 L  50.507   7.963 11.7  RLP  5 0.3                        1
 2010  125 0234 39.3 L  50.088   7.379 17.0  RLP  6 0.4 1.9LRLP                1
 2010  128 1055 46.2 L  49.711   7.694 19.8  RLP  4 0.2                        1
 2010  129 0112 38.4 L  50.059   7.408 11.1  RLP  6 0.3 1.9LRLP                1
 2010  220 0846 37.4 L  49.535   8.451  6.6  RLP  5 0.2                        1
 2010  4 9 1052 22.2 L  49.145   8.144  1.4  RLP  5 0.2                        1
 2010  4 9 1236 33.5 L  49.147   8.182  3.1  RLP  4 0.2                        1
 2010  411 1116 16.8 L  50.361   7.350 13.9  RLP  6 0.3 3.0LRLP                1
 2010  418 1148  4.2 L  50.356   7.406 15.6  RLP  7 0.3 1.8LRLP                1
 2010  629 0042 46.7 L  50.070   8.438  5.3  RLP  4 0.3 3.1LRLP                1
 2010  630 0734 33.9 L  50.092   8.412  5.7  RLP  6 0.4 1.6LRLP                1
 2010  814 1023 53.0 L  50.170   7.730  5.6  RLP  6 0.3 2.3LRLP                1
 2010  827 1220  5.1 L  49.860   7.998  5.3  RLP  7 0.2 2.6LRLP                1
 2010  922 2148 13.2 L  50.175   7.836  0.1  RLP  4 0.1 1.4LRLP                1
 2010  924 0956  3.8 L  50.121   7.894  3.3  RLP  5 0.4 2.1LRLP                1
 2010 1212 0420 17.5 L  49.174   8.155  0.1  RLP  4 0.3                        1
 2010 1223 0135 58.3 L  50.010   8.207 10.1  RLP  6 0.3 3.4LRLP                1
 2010 1223 0552 47.6 L  50.050   8.156  7.0  RLP  3 0.1 2.6LRLP                1