Eventdatum	Lat	Long	rms	Depth (km)	Magnitude (Ml)
20000726	50.229	7.964	0,13	5,40	3,30
20000811	49.965	7.606	0,26	16,10	1,60
20010126	50.069	8.197	0,31	11,30	1,70
20010225	50.381	7.413	0,18	8,30	2,20
20010915	49.538	8.039	0,31	15,10	2,20
20020107	49.766	7.735	0,08	7,30	1,80
20020123	49.703	7.164	0,29	6,40	2,00
20020123	50.366	7.707	0,17	8,90	2,10
20020124	49.820	7.547	0,18	5,40	2,40
20020211	50.276	8.187	0,09	3,00	2,00
20020217	49.195	7.951	0,07	19,60	1,90
20020222	49.870	8.858	0,39	9,00	1,70
20020306	50.563	8.251	0,05	2,40	1,80
20020307	50.330	7.475	0,28	2,10	2,00
20020614	49.656	7.137	0,22	6,60	1,70
20020702	50.188	8.643	0,22	11,60	1,90
20020708	50.138	8.262	0,05	9,00	1,80
20020805	49.548	7.533	0,15	10,30	1,80
20021004	50.294	7.356	0,27	6,90	2,20
20021023	50.382	7.355	0,11	8,00	2,10
20021023	50.385	7.350	0,26	6,60	2,20
20021031	50.446	7.298	0,36	8,80	1,90
20021107	50.319	7.346	0,17	12,30	2,60
20021129	50.333	7.449	0,10	8,40	1,60
20030112	50.306	7.459	0,27	11,80	2,40
20030209	50.386	7.479	0,29	6,60	3,30
20030331	50.223	7.805	0,14	5,30	1,40
20030423	49.744	8.339	0,53	15,00	1,50
20030424	50.351	7.406	0,51	8,10	1,70
20030601	49.903	8.310	0,27	14,00	1,90
20030703	50.374	7.353	0,09	10,80	2,60
20030703	50.435	7.297	0,22	10,60	1,50
20030709	50.402	7.362	0,26	8,60	2,00
20030712	50.438	7.625	0,09	6,10	0,30
20030721	50.446	7.654	0,27	9,00	1,50
20030726	50.373	7.367	0,42	10,30	1,70
20030727	50.379	7.331	0,30	9,70	1,70
20030727	50.399	7.380	0,47	6,60	1,40
20030926	49.941	7.874	0,23	15,50	1,70
20031009	50.364	7.342	0,35	10,30	1,90
20031019	50.392	7.351	0,29	16,10	1,20
20031023	50.183	7.820	0,20	12,80	1,20
20031026	49.657	8.437	0,29	13,60	1,50
20031130	50.287	7.810	0,50	7,40	1,10
20031214	50.061	8.561	0,32	9,80	1,40
20031228	50.066	8.268	0,24	9,40	2,00
20040301	49.971	7.651	0,01	18,00	1,70
20040301	50.358	7.339	0,32	16,10	2,20
20040305	50.183	8.590	0,22	17,90	2,40
20040315	50.375	7.419	0,52	11,20	2,50
20040407	50.663	8.124	0,34	11,60	1,80
20040420	49.791	7.329	0,11	7,70	1,70
20040430	49.849	8.449	0,15	5,10	1,60
20040504	50.089	8.519	0,25	10,00	2,60
20040522	50.413	7.415	0,28	2,90	3,80
20040531	49.688	8.484	0,31	6,70	2,00
20040805	50.181	7.501	0,15	8,30	2,40
20040812	49.849	8.452	0,20	2,40	2,00
20040820	49.846	8.453	0,12	5,70	2,50
20040905	49.810	8.397	0,19	15,70	1,80
20040924	49.752	7.366	0,21	12,10	2,00
20041122	50.317	7.476	0,17	4,10	2,00
20050210	49.361	8.402	0,28	12,10	2,60
20050216	49.960	7.479	0,28	13,10	1,80
20050407	50.336	7.432	0,20	16,10	2,00
20050412	50.381	7.412	0,29	2,20	1,70
20050707	50.409	7.872	0,31	12,50	1,50
20050820	50.076	8.253	0,47	5,80	1,90
20051021	50.201	7.698	0,26	7,90	2,20
20051110	49.997	7.542	0,29	18,30	2,60
20051110	50.002	7.544	0,21	18,80	2,00
20051129	50.329	7.463	0,29	8,10	2,00
20060307	50.397	7.651	0,18	2,70	2,10
20060328	50.386	7.597	0,49	16,30	2,30
20060615	49.500	7.112	0,72	15,70	1,50
20060615	49.489	7.065	0,93	22,80	1,50
20060617	50.295	7.292	0,17	11,10	2,00
20060714	49.619	6.794	0,34	10,00	2,40
20060901	49.626	8.381	0,29	18,30	1,90
20060922	50.339	7.440	0,34	6,90	2,80
20061001	50.528	7.118	0,05	16,50	2,00
20061001	50.503	7.199	0,21	7,90	2,20
20061118	50.293	7.483	0,22	6,70	2,50
20070111	50.178	7.710	0,22	6,70	2,10
20070111	50.169	7.695	0,19	8,10	2,10
20070113	50.048	7.388	0,02	10,90	1,20
20070114	50.169	7.708	0,35	5,60	2,00
20070411	50.313	7.500	0,38	11,10	2,70
20070420	50.359	7.464	0,38	3,80	2,50
20070503	50.368	7.426	0,24	5,80	2,10
20070615	50.353	7.425	0,28	9,80	2,50
20070620	50.146	7.885	0,25	8,10	1,60
20070620	50.127	7.906	0,36	12,50	1,50
20070620	50.401	7.819	0,30	11,40	1,60
20070702	50.394	7.337	0,31	3,70	2,60
20070803	50.369	7.383	0,19	5,80	3,70
20070803	50.369	7.370	0,31	6,90	1,90
20070911	49.735	7.330	0,54	6,40	1,80
20070915	50.309	7.379	0,22	10,80	1,60
20070920	49.599	7.989	0,06	5,00	1,80
20070928	50.011	7.816	0,20	9,20	1,40
20071001	50.031	7.464	0,24	9,10	1,50
20071031	50.218	8.028	0,29	14,70	1,30
20071110	49.725	6.903	0,01	4,40	1,60
20071116	50.382	7.330	0,30	10,00	1,50
20071117	50.223	8.049	0,33	13,80	2,20
20071120	50.235	7.844	0,18	5,60	2,20
20071213	49.637	8.292	0,28	14,80	2,20
20080104	49.342	6.834	0,24	7,20	2,00
20080229	50.326	7.223	0,09	6,40	1,80
20080310	50.324	7.456	0,33	6,20	2,10
20080411	49.792	7.415	0,16	13,10	1,90
20080416	50.204	7.875	0,16	4,60	1,80
20080417	50.001	7.433	0,22	12,00	0,90
20080610	50.446	7.270	0,33	7,00	1,80
20080724	50.381	7.370	0,21	4,60	1,90
20080917	50.351	7.371	0,28	5,80	1,60
20080929	50.337	7.432	0,30	15,00	2,80
20081013	50.342	7.363	0,26	14,30	2,10
20081029	49.748	7.317	0,33	7,00	2,00
20090311	50.330	7.494	0,24	10,20	2,70
20090319	50.639	7.931	0,05	11,10	1,70
20090508	49.147	8.116	0,26	2,80	1,80
20090508	49.159	8.102	0,26	2,40	1,70
20090508	49.150	8.116	0,23	0,50	1,70
20090601	50.408	7.437	0,24	6,20	1,90
20090711	50.064	8.298	0,31	13,10	1,80
20090717	49.622	7.960	0,35	4,30	1,90
20090811	49.901	7.381	0,32	11,90	1,70
20090815	49.184	8.130	0,26	4,30	2,70
20090831	50.315	7.321	0,36	4,20	2,20
20090907	49.755	6.882	0,19	10,00	1,10
20090910	50.314	7.782	0,24	12,60	2,90
20090914	49.186	8.116	0,33	4,90	2,40
20091110	50.507	7.963	0,26	11,70	1,70
20100125	50.088	7.379	0,36	17,00	1,90
20100128	49.711	7.694	0,17	19,80	1,70
20100129	50.059	7.408	0,35	11,10	1,90
20100220	49.535	8.451	0,16	6,60	1,90
20100409	49.145	8.144	0,25	1,40	2,40
20100409	49.147	8.182	0,16	3,10	2,20
20100411	50.361	7.350	0,32	13,90	3,00
20100418	50.356	7.406	0,30	15,60	1,80
20100629	50.070	8.438	0,30	5,30	3,10
20100630	50.092	8.412	0,37	5,70	1,50
20100814	50.170	7.730	0,32	5,60	2,30
20100827	49.860	7.998	0,18	5,30	2,60
20100922	50.175	7.836	0,14	3,00	1,40
20100924	50.121	7.894	0,37	3,30	2,10
20101212	49.174	8.155	0,33	3,00	2,00
20101223	50.010	8.207	0,30	10,10	3,30
20101223	50.050	8.156	0,07	7,00	2,60
